[Paper0]
Name=A4 (Bordas)
DisplayName=A4 (Bordas)
Width=210
Height=297
MarginTop=6.3499999999999996
MarginBottom=14.224
MarginLeft=6.3499999999999996
MarginRight=6.3499999999999996
Orientation=portrait
