start=1411.827083
volume=95.000000
af=dynaudnorm=f=400:g=5:m=4:p=%4%0.95:t=0
