start=1355.020333
volume=75.000000
fullscreen=yes
