start=1345.429143
pause=yes
volume=110.000000
fullscreen=yes
sid=1
