start=1297.087458
volume=95.000000
fullscreen=yes
