start=5799.084250
volume=90.000000
fullscreen=yes
