start=3.683333
volume=95.000000
fullscreen=yes
